MEME version 4
ALPHABET=ACGT
strands:+ -
MOTIF TGGTG
letter-probability matrix: alength=4 w=10
0.1667  0.3333  0.4167  0.0833
0.3333  0.2500  0.4167  0.0000
0.1667  0.0833  0.1667  0.5833
0.0000  0.0833  0.9167  0.0000
0.0000  0.0000  1.0000  0.0000
0.0000  0.0000  0.3333  0.6667
0.0000  0.0000  1.0000  0.0000
0.4167  0.1667  0.4167  0.0000
0.4167  0.0833  0.3333  0.1667
0.4167  0.1667  0.4167  0.0000

MOTIF AGGAG
letter-probability matrix: alength=4 w=10
0.1429  0.2857  0.3571  0.2143
0.0714  0.7857  0.0714  0.0714
1.0000  0.0000  0.0000  0.0000
0.0000  0.0000  1.0000  0.0000
0.0000  0.0000  1.0000  0.0000
0.7143  0.0000  0.1429  0.1429
0.0714  0.0000  0.9286  0.0000
0.2143  0.0714  0.6429  0.0714
0.2857  0.3571  0.2857  0.0714
0.4286  0.0714  0.2857  0.2143

MOTIF GCCTC
letter-probability matrix: alength=4 w=10
0.3333  0.3542  0.1875  0.1250
0.5208  0.2083  0.1458  0.1250
0.0625  0.1667  0.7083  0.0625
0.0000  0.9583  0.0417  0.0000
0.0000  0.9583  0.0417  0.0000
0.0208  0.3125  0.0000  0.6667
0.0208  0.8542  0.0833  0.0417
0.1458  0.3750  0.1458  0.3333
0.1250  0.3333  0.3333  0.2083
0.2292  0.3542  0.1667  0.2500

MOTIF AAGGG
letter-probability matrix: alength=4 w=10
0.3636  0.4545  0.0909  0.0909
0.0909  0.4545  0.3636  0.0909
0.1818  0.8182  0.0000  0.0000
1.0000  0.0000  0.0000  0.0000
0.0000  0.0000  1.0000  0.0000
0.0000  0.0000  1.0000  0.0000
0.0000  0.0000  1.0000  0.0000
0.2727  0.0000  0.2727  0.4545
0.0909  0.1818  0.6364  0.0909
0.2727  0.1818  0.3636  0.1818

MOTIF TGCCC
letter-probability matrix: alength=4 w=10
0.3125  0.3125  0.1250  0.2500
0.1250  0.7500  0.0625  0.0625
0.0000  0.0000  0.1250  0.8750
0.0000  0.5000  0.5000  0.0000
0.0000  1.0000  0.0000  0.0000
0.0000  1.0000  0.0000  0.0000
0.0625  0.9375  0.0000  0.0000
0.2500  0.3750  0.1875  0.1875
0.1875  0.1875  0.5000  0.1250
0.1875  0.4375  0.1875  0.1875

MOTIF CACAG
letter-probability matrix: alength=4 w=10
0.3529  0.4118  0.0588  0.1765
0.3529  0.3529  0.0000  0.2941
0.0000  0.8235  0.1765  0.0000
0.6471  0.0000  0.0000  0.3529
0.0000  1.0000  0.0000  0.0000
0.9412  0.0000  0.0000  0.0588
0.0000  0.0000  1.0000  0.0000
0.4118  0.1176  0.4706  0.0000
0.4118  0.1765  0.3529  0.0588
0.4118  0.2353  0.1765  0.1765

MOTIF CCCTA
letter-probability matrix: alength=4 w=10
0.1667  0.2222  0.3889  0.2222
0.3333  0.3333  0.1111  0.2222
0.0000  1.0000  0.0000  0.0000
0.0000  1.0000  0.0000  0.0000
0.0000  1.0000  0.0000  0.0000
0.0000  0.5556  0.0000  0.4444
0.6111  0.1111  0.2222  0.0556
0.0000  0.3333  0.3333  0.3333
0.2778  0.2222  0.3889  0.1111
0.3889  0.2778  0.1667  0.1667

MOTIF CCGCC
letter-probability matrix: alength=4 w=10
0.1905  0.4762  0.1905  0.1429
0.1429  0.5714  0.0952  0.1905
0.0000  0.9524  0.0476  0.0000
0.0952  0.6667  0.0000  0.2381
0.2857  0.1429  0.5714  0.0000
0.0000  0.9524  0.0476  0.0000
0.0476  0.9524  0.0000  0.0000
0.2381  0.2857  0.0476  0.4286
0.1429  0.4286  0.1905  0.2381
0.2381  0.3810  0.1429  0.2381

MOTIF CTGCT
letter-probability matrix: alength=4 w=10
0.1600  0.3200  0.3600  0.1600
0.0400  0.6400  0.1200  0.2000
0.0000  1.0000  0.0000  0.0000
0.0800  0.0000  0.0000  0.9200
0.0000  0.2400  0.7600  0.0000
0.0000  1.0000  0.0000  0.0000
0.1600  0.2400  0.0000  0.6000
0.3600  0.1200  0.4000  0.1200
0.2000  0.4000  0.3600  0.0400
0.1600  0.3600  0.2400  0.2400

MOTIF GTGCG
letter-probability matrix: alength=4 w=10
0.1875  0.5625  0.1250  0.1250
0.4375  0.1250  0.1875  0.2500
0.0625  0.0000  0.9375  0.0000
0.0000  0.0000  0.0625  0.9375
0.0000  0.0625  0.9375  0.0000
0.0625  0.5625  0.3750  0.0000
0.0625  0.1250  0.7500  0.0625
0.2500  0.1250  0.3125  0.3125
0.2500  0.0625  0.4375  0.2500
0.3125  0.1875  0.3125  0.1875

MOTIF GCTGG
letter-probability matrix: alength=4 w=10
0.2698  0.3175  0.2857  0.1270
0.3333  0.2381  0.2540  0.1746
0.0635  0.3492  0.5079  0.0794
0.0000  0.9206  0.0794  0.0000
0.1429  0.0317  0.0000  0.8254
0.0000  0.0000  1.0000  0.0000
0.0159  0.0794  0.8730  0.0317
0.3968  0.2063  0.3333  0.0635
0.3492  0.1270  0.4286  0.0952
0.3016  0.2381  0.3333  0.1270

MOTIF GTCCT
letter-probability matrix: alength=4 w=10
0.2667  0.2000  0.4000  0.1333
0.3333  0.3333  0.0667  0.2667
0.0667  0.4000  0.5333  0.0000
0.0000  0.0000  0.0000  1.0000
0.0000  1.0000  0.0000  0.0000
0.0000  1.0000  0.0000  0.0000
0.0000  0.0000  0.0667  0.9333
0.2000  0.2000  0.5333  0.0667
0.1333  0.3333  0.2667  0.2667
0.1333  0.5333  0.2000  0.1333

MOTIF GCAAG
letter-probability matrix: alength=4 w=10
0.3333  0.2500  0.0833  0.3333
0.3333  0.0000  0.6667  0.0000
0.0000  0.3333  0.6667  0.0000
0.0000  0.9167  0.0833  0.0000
1.0000  0.0000  0.0000  0.0000
0.5833  0.0000  0.4167  0.0000
0.0000  0.0000  1.0000  0.0000
0.3333  0.0000  0.5000  0.1667
0.3333  0.0833  0.5833  0.0000
0.5833  0.2500  0.1667  0.0000

MOTIF CCAGG
letter-probability matrix: alength=4 w=10
0.3103  0.2241  0.3276  0.1379
0.2759  0.2241  0.3103  0.1897
0.0345  0.7586  0.1552  0.0517
0.0172  0.9310  0.0517  0.0000
0.8793  0.0000  0.0000  0.1207
0.0690  0.0000  0.9310  0.0000
0.1207  0.0517  0.8103  0.0172
0.3103  0.1897  0.4310  0.0690
0.3966  0.1552  0.3966  0.0517
0.3276  0.2414  0.3276  0.1034

MOTIF CCTTC
letter-probability matrix: alength=4 w=10
0.4375  0.2500  0.1875  0.1250
0.2500  0.3750  0.1875  0.1875
0.0000  1.0000  0.0000  0.0000
0.0000  1.0000  0.0000  0.0000
0.0000  0.1250  0.0000  0.8750
0.0000  0.0000  0.0000  1.0000
0.0000  0.7500  0.2500  0.0000
0.1250  0.5000  0.1250  0.2500
0.2500  0.2500  0.2500  0.2500
0.3125  0.3750  0.1875  0.1250

MOTIF AGAGG
letter-probability matrix: alength=4 w=10
0.3462  0.2692  0.3077  0.0769
0.2692  0.4615  0.1538  0.1154
0.7308  0.1154  0.1154  0.0385
0.0000  0.0769  0.9231  0.0000
0.7308  0.0000  0.2308  0.0385
0.0000  0.0000  1.0000  0.0000
0.0385  0.0769  0.8846  0.0000
0.3462  0.1154  0.4615  0.0769
0.4615  0.0769  0.3462  0.1154
0.1923  0.3077  0.3462  0.1538

MOTIF CTGAC
letter-probability matrix: alength=4 w=10
0.3182  0.2727  0.2273  0.1818
0.0455  0.7273  0.2273  0.0000
0.0000  0.9545  0.0455  0.0000
0.0909  0.0000  0.0000  0.9091
0.0000  0.0455  0.9545  0.0000
0.7273  0.2273  0.0000  0.0455
0.2727  0.5455  0.1818  0.0000
0.4091  0.0909  0.3182  0.1818
0.1364  0.4545  0.4091  0.0000
0.2273  0.3182  0.0909  0.3636

MOTIF GTAGG
letter-probability matrix: alength=4 w=10
0.2500  0.4000  0.2500  0.1000
0.3500  0.1000  0.2000  0.3500
0.0000  0.0500  0.9500  0.0000
0.1000  0.4500  0.1000  0.3500
0.9000  0.0000  0.1000  0.0000
0.0000  0.0000  1.0000  0.0000
0.0000  0.0000  1.0000  0.0000
0.4000  0.1000  0.4000  0.1000
0.5500  0.1000  0.3500  0.0000
0.3500  0.3000  0.3500  0.0000

MOTIF CAGCA
letter-probability matrix: alength=4 w=10
0.1944  0.4167  0.2778  0.1111
0.2500  0.3056  0.1667  0.2778
0.0556  0.8889  0.0556  0.0000
0.8056  0.0000  0.0000  0.1944
0.0000  0.0000  1.0000  0.0000
0.0000  0.8056  0.1944  0.0000
0.8056  0.0556  0.0556  0.0833
0.1667  0.2500  0.5833  0.0000
0.2500  0.2778  0.3889  0.0833
0.1944  0.1944  0.4167  0.1944

MOTIF GCGGA
letter-probability matrix: alength=4 w=10
0.2857  0.3571  0.2143  0.1429
0.2857  0.2143  0.2857  0.2143
0.0000  0.0000  1.0000  0.0000
0.0000  0.7143  0.0000  0.2857
0.3571  0.0000  0.6429  0.0000
0.0000  0.0000  1.0000  0.0000
0.7857  0.0000  0.2143  0.0000
0.2143  0.0714  0.6429  0.0714
0.3571  0.2143  0.3571  0.0714
0.2143  0.4286  0.0714  0.2857

MOTIF CCTGT
letter-probability matrix: alength=4 w=10
0.1429  0.5714  0.2143  0.0714
0.1429  0.4286  0.0714  0.3571
0.0714  0.8571  0.0000  0.0714
0.0000  1.0000  0.0000  0.0000
0.0000  0.0000  0.0000  1.0000
0.0000  0.0000  1.0000  0.0000
0.0000  0.0000  0.5000  0.5000
0.3571  0.0000  0.5714  0.0714
0.2143  0.0714  0.6429  0.0714
0.1429  0.2857  0.3571  0.2143

MOTIF GCACC
letter-probability matrix: alength=4 w=10
0.2826  0.3913  0.1957  0.1304
0.5217  0.2391  0.1522  0.0870
0.0217  0.2174  0.6957  0.0652
0.0000  1.0000  0.0000  0.0000
0.5652  0.3261  0.0217  0.0870
0.0000  0.9130  0.0870  0.0000
0.1087  0.8913  0.0000  0.0000
0.1522  0.4783  0.1087  0.2609
0.1739  0.4130  0.1957  0.2174
0.1739  0.4348  0.1957  0.1957

MOTIF TCCCA
letter-probability matrix: alength=4 w=10
0.3537  0.3049  0.2195  0.1220
0.1951  0.3902  0.2439  0.1707
0.0488  0.2317  0.1707  0.5488
0.0000  0.9878  0.0122  0.0000
0.0000  1.0000  0.0000  0.0000
0.0000  0.9878  0.0122  0.0000
0.6463  0.2195  0.0610  0.0732
0.1707  0.2317  0.4512  0.1463
0.2561  0.3415  0.2683  0.1341
0.2561  0.2439  0.3049  0.1951

MOTIF GGGCA
letter-probability matrix: alength=4 w=10
0.1818  0.4545  0.2727  0.0909
0.7273  0.0909  0.1818  0.0000
0.0909  0.0000  0.8182  0.0909
0.0000  0.0000  1.0000  0.0000
0.0000  0.0000  1.0000  0.0000
0.2727  0.7273  0.0000  0.0000
0.7273  0.0000  0.0909  0.1818
0.0909  0.0000  0.7273  0.1818
0.0909  0.0000  0.9091  0.0000
0.2727  0.3636  0.2727  0.0909

MOTIF CTCTC
letter-probability matrix: alength=4 w=10
0.2500  0.4167  0.0833  0.2500
0.2500  0.3333  0.1667  0.2500
0.0000  0.9167  0.0833  0.0000
0.0833  0.1667  0.0000  0.7500
0.0000  0.9167  0.0833  0.0000
0.0000  0.0000  0.0833  0.9167
0.0000  0.8333  0.1667  0.0000
0.3333  0.5000  0.0833  0.0833
0.0833  0.4167  0.3333  0.1667
0.5000  0.1667  0.1667  0.1667

MOTIF CGGGG
letter-probability matrix: alength=4 w=10
0.2391  0.4130  0.2609  0.0870
0.1522  0.3913  0.2826  0.1739
0.1304  0.7391  0.0000  0.1304
0.1739  0.0000  0.5870  0.2391
0.0652  0.0435  0.8478  0.0435
0.0000  0.0000  0.9783  0.0217
0.0217  0.0000  0.9565  0.0217
0.2826  0.1087  0.4565  0.1522
0.2174  0.1957  0.4565  0.1304
0.2609  0.3043  0.3478  0.0870

MOTIF CCCCG
letter-probability matrix: alength=4 w=10
0.3438  0.2656  0.2656  0.1250
0.4062  0.3125  0.1875  0.0938
0.0312  0.8438  0.0781  0.0469
0.0000  0.9844  0.0156  0.0000
0.0000  1.0000  0.0000  0.0000
0.0000  0.8125  0.0000  0.1875
0.2500  0.1094  0.4375  0.2031
0.1562  0.1875  0.4062  0.2500
0.2031  0.2969  0.3594  0.1406
0.1875  0.3125  0.3281  0.1719

MOTIF GACGG
letter-probability matrix: alength=4 w=10
0.2857  0.2143  0.5000  0.0000
0.4286  0.2857  0.0000  0.2857
0.1429  0.0000  0.8571  0.0000
0.5714  0.1429  0.0000  0.2857
0.1429  0.8571  0.0000  0.0000
0.2143  0.0000  0.7857  0.0000
0.0000  0.0000  1.0000  0.0000
0.2857  0.2857  0.3571  0.0714
0.2857  0.3571  0.2857  0.0714
0.3571  0.2857  0.2143  0.1429

MOTIF CTCGG
letter-probability matrix: alength=4 w=10
0.1522  0.2826  0.3261  0.2391
0.3043  0.3913  0.1957  0.1087
0.0000  0.9130  0.0870  0.0000
0.0000  0.0000  0.0435  0.9565
0.0000  0.5652  0.2391  0.1957
0.2609  0.0000  0.6957  0.0435
0.0217  0.0217  0.9565  0.0000
0.3478  0.1304  0.4783  0.0435
0.2826  0.1739  0.4130  0.1304
0.3043  0.1957  0.3478  0.1522

MOTIF TCCAC
letter-probability matrix: alength=4 w=10
0.3448  0.2414  0.2759  0.1379
0.2414  0.5172  0.1379  0.1034
0.0345  0.0000  0.0690  0.8966
0.0000  1.0000  0.0000  0.0000
0.0000  1.0000  0.0000  0.0000
0.4138  0.5517  0.0000  0.0345
0.0690  0.7931  0.1379  0.0000
0.4828  0.1724  0.1379  0.2069
0.2069  0.1724  0.4483  0.1724
0.2414  0.3103  0.2414  0.2069

